prefill_time: 63.1474974155426, decode_time: 1314.2310321331024
prefill_time: 65.82737421989441, decode_time: 1228.408805847168