prefill_time: 33.76799964904785, decode_time: 477.3663742542267
prefill_time: 33.82377314567566, decode_time: 607.4283976554871