prefill_time: 22.5591778755188, decode_time: 297.76924085617065
prefill_time: 17.220842599868774, decode_time: 279.9652318954468
