prefill_time: 75.80307388305664, decode_time: 704.052586555481
prefill_time: 116.24323558807373, decode_time: 824.3031618595123